Run semi-empirical minimization
 &qmmm
    qm_theory='AM1', grms_tol=0.0005,
 scfconv=1.d-10, ndiis_attempts=700,   qmcharge=-4,
 /
   6   C12      -34.5580      -36.2920       22.0140 
   6   C13      -35.9730      -36.6440       21.4770 
   6   C14      -35.8360      -37.1960       20.0610 
   1     H      -36.5850      -35.7340       21.4580 
   1   H15      -36.4400      -37.3830       22.1330 
   6   C15      -37.1650      -37.4650       19.3750 
   1   H16      -35.2700      -38.1300       20.0910 
   1   H17      -35.2590      -36.4810       19.4750 
   6   C16      -37.0620      -38.1270       17.9560 
   1   H18      -37.7530      -36.5360       19.2580 
   1   H19      -37.7780      -38.1460       19.9850 
   8    O8      -33.8370      -35.5580       21.1690 
   8    O9      -38.0370      -37.8750       17.2030 
   8   O10      -36.1010      -38.8580       17.7010 
  16     S      -36.0600      -35.5330       24.3030 
   6   C17      -34.6380      -35.6560       23.3720 
   7     N      -33.6250      -35.0550       24.0000 
   6    C1      -33.9300      -34.5190       25.2370 
   6    C2      -35.2290      -34.6900       25.5930 
   6    C3      -35.8980      -34.3300       26.8770 
   6    C4      -36.2650      -32.8420       27.0200 
   8   O11      -36.6600      -32.5990       28.3430 
  15     P      -37.7910      -31.4490       28.6130 
  15    P1      -39.8120      -33.4990       28.3030 
   7    N1      -30.1000      -31.9700       23.5400 
   8    O1      -37.4440      -30.1760       27.9780 
   8    O2      -40.2040      -33.4130       29.8080 
   6    C5      -30.7470      -31.2030       22.6690 
   8    O3      -37.8550      -31.4070       30.1330 
   8    O4      -38.7740      -34.5490       28.0150 
   7    N2      -31.8630      -31.5350       22.0540 
   8    O5      -39.1480      -31.9980       28.0140 
   8    O6      -41.0120      -33.5680       27.4480 
   6    C6      -32.4200      -32.7370       22.2790 
   7    N3      -33.5720      -33.0260       21.6800 
   6    C7      -31.7850      -33.6280       23.1930 
   6    C8      -30.6300      -33.1740       23.7740 
   6    C9      -32.2840      -35.0150       23.4480 
   6   C10      -30.1720      -29.8610       22.3650 
   6   C11      -32.8750      -33.8810       26.0680 
   1   H20      -36.8210      -34.8960       27.0040 
   1    H1      -35.2350      -34.5760       27.7100 
   1    H2      -35.3990      -32.2170       26.7810 
   1    H3      -37.0710      -32.5900       26.3280 
   1    H4      -33.8790      -32.3660       20.9780 
   1    H5      -33.7780      -34.0450       21.4730 
   1    H6      -30.0750      -33.7980       24.4630 
   1    H7      -32.3220      -35.5660       22.5000 
   1    H8      -31.6110      -35.5440       24.1270 
   1    H9      -30.3070      -29.2140       23.2270 
   1   H10      -30.6790      -29.4380       21.5050 
   1   H11      -29.1080      -29.9540       22.1720 
   1   H12      -32.0010      -34.5260       26.1190 
   1   H13      -33.2610      -33.7040       27.0670 
   1   H14      -32.5670      -32.9320       25.6340 
   1   H21      -33.7810      -36.0030       20.2190 

