Run semi-empirical minimization
 &qmmm
    qm_theory='AM1', grms_tol=0.0005,
 scfconv=1.d-10, ndiis_attempts=700,   qmcharge=-3,
 /
   6   C12      -34.6240      -36.3410       22.1750 
   8    O8      -33.9910      -35.6150       21.2550 
   6   C13      -36.1060      -36.6420       21.7920 
   1     H      -36.6890      -35.7190       21.8730 
   1   H15      -36.5130      -37.4000       22.4620 
   6   C14      -36.1260      -37.1270       20.3520 
   1   H16      -35.5440      -36.4170       19.7620 
   6   C15      -37.5370      -37.2630       19.7930 
   1   H17      -35.6270      -38.0960       20.3030 
   1   H18      -38.0680      -36.3020       19.8030 
   1   H19      -38.1200      -37.9650       20.3910 
   1   H20      -37.5280      -37.6220       18.7610 
  16     S      -35.9870      -35.5520       24.5310 
   6   C16      -34.6100      -35.6900       23.5370 
   7     N      -33.5770      -35.0630       24.0940 
   6    C1      -33.8310      -34.4890       25.3280 
   6    C2      -35.1110      -34.6650       25.7490 
   6    C3      -35.7510      -34.2790       27.0380 
   6    C4      -36.2590      -32.8270       27.1040 
   8    O9      -36.6760      -32.5660       28.4120 
  15     P      -37.8230      -31.4150       28.6220 
  15    P1      -39.7910      -33.5080       28.2890 
   7    N1      -30.0780      -32.0010       23.4810 
   8    O1      -37.4550      -30.1680       27.9490 
   8    O2      -40.1880      -33.4210       29.7900 
   6    C5      -30.7450      -31.2310       22.6280 
   8    O3      -37.9290      -31.3260       30.1350 
   8    O4      -38.7330      -34.5410       28.0000 
   7    N2      -31.8720      -31.5710       22.0360 
   8    O5      -39.1500      -31.9990       27.9930 
   8    O6      -40.9830      -33.6070       27.4230 
   6    C6      -32.4230      -32.7700       22.2810 
   7    N3      -33.5930      -33.0540       21.7080 
   6    C7      -31.7700      -33.6590       23.1800 
   6    C8      -30.5960      -33.2040       23.7270 
   6    C9      -32.2670      -35.0390       23.4730 
   6   C10      -30.1800      -29.8870       22.3240 
   6   C11      -32.7510      -33.8040       26.0840 
   1   H21      -36.6200      -34.9110       27.2330 
   1    H1      -35.0370      -34.4090       27.8540 
   1    H2      -35.4640      -32.1290       26.8290 
   1    H3      -37.0880      -32.6980       26.4030 
   1    H4      -33.9050      -32.3990       21.0040 
   1    H5      -33.8340      -34.0610       21.5400 
   1    H6      -30.0220      -33.8290       24.3990 
   1    H7      -32.3540      -35.6100       22.5420 
   1    H8      -31.5650      -35.5580       24.1280 
   1    H9      -30.3270      -29.2390       23.1840 
   1   H10      -30.6820      -29.4660       21.4610 
   1   H11      -29.1130      -29.9700       22.1440 
   1   H12      -31.8590      -34.4250       26.1030 
   1   H13      -33.0890      -33.6070       27.0960 
   1   H14      -32.4920      -32.8600       25.6110 
   1   H22      -34.0010      -36.0680       20.3080 

