Run semi-empirical minimization
 &qmmm
    qm_theory='AM1', grms_tol=0.0005,
 scfconv=1.d-10, ndiis_attempts=700,   qmcharge=-4,
 /
   6   C12      -34.7840      -36.3640       21.8800 
   6   C13      -36.1720      -36.8940       21.3970 
   6   C14      -37.2730      -35.9320       20.9430 
   1     H      -36.5930      -37.4930       22.2110 
   1   H15      -35.9640      -37.5610       20.5540 
   8    O7      -37.7620      -36.1200       19.7860 
   8    O9      -34.0900      -35.6730       20.9740 
   8   O10      -37.7490      -35.1090       21.7420 
  16     S      -36.3230      -35.2250       23.9900 
   6   C15      -34.8790      -35.6020       23.1830 
   7     N      -33.8250      -35.1060       23.8410 
   6    C1      -34.1170      -34.5440       25.0700 
   6    C2      -35.4440      -34.5600       25.3590 
   6    C3      -36.0870      -34.2100       26.6630 
   6    C4      -36.2830      -32.7100       26.9540 
   8   O11      -36.6950      -32.5500       28.2860 
  15     P      -37.8200      -31.4240       28.6510 
  15    P1      -39.8570      -33.4570       28.3700 
   7    N1      -30.1590      -32.1840       23.4910 
   8    O1      -37.5180      -30.1110       28.0720 
   8    O2      -40.2290      -33.3930       29.8820 
   6    C5      -30.7520      -31.4050       22.5910 
   8    O3      -37.8150      -31.4550       30.1730 
   8    O4      -38.8200      -34.5020       28.0660 
   7    N2      -31.8440      -31.7090       21.9240 
   8    O5      -39.2030      -31.9490       28.0930 
   8    O6      -41.0700      -33.5220       27.5350 
   6    C6      -32.4490      -32.8970       22.1290 
   7    N3      -33.5640      -33.1670       21.4690 
   6    C7      -31.8820      -33.7950       23.0840 
   6    C8      -30.7380      -33.3710       23.7090 
   6    C9      -32.4660      -35.1520       23.3320 
   6   C10      -30.1320      -30.0730       22.3130 
   6   C11      -33.0260      -34.0690       25.9680 
   1   H16      -37.0630      -34.6840       26.7440 
   1    H1      -35.4700      -34.6080       27.4730 
   1    H2      -35.3360      -32.1800       26.8200 
   1    H3      -37.0170      -32.2810       26.2690 
   1    H4      -33.8720      -32.4890       20.7870 
   1    H5      -33.8650      -34.1710       21.2930 
   1    H6      -30.2290      -33.9990       24.4290 
   1    H7      -32.4970      -35.7090       22.3900 
   1    H8      -31.8430      -35.7090       24.0370 
   1    H9      -30.1490      -29.4720       23.2170 
   1   H10      -30.6830      -29.5760       21.5230 
   1   H11      -29.0950      -30.2090       22.0170 
   1   H12      -32.2660      -34.8400       26.0790 
   1   H13      -33.4470      -33.8310       26.9400 
   1   H14      -32.5500      -33.1800       25.5610 
   1   H17      -34.0240      -36.2020       20.0690 

