Run semi-empirical minimization
 &qmmm
    qm_theory='AM1', grms_tol=0.0005,
 scfconv=1.d-10, ndiis_attempts=700,   qmcharge=-3,
 /
   6   C12      -34.9490      -36.2720       22.3730 
   6   C13      -36.5110      -36.4650       22.1360 
   6   C14      -36.6920      -36.7750       20.7010 
   1     H      -37.0060      -35.5230       22.3860 
   1   H15      -36.8620      -37.2740       22.7730 
   6   C15      -36.9390      -38.0620       20.2430 
   6   C16      -36.4310      -35.7690       19.7680 
   6   C17      -36.9220      -38.3550       18.8900 
   1   H16      -37.0960      -38.8530       20.9600 
   6   C18      -36.4010      -36.0580       18.4170 
   1   H17      -36.2080      -34.7740       20.1120 
   6   C19      -36.6250      -37.3520       17.9780 
   1   H18      -37.0940      -39.3600       18.5320 
   1   H19      -36.1720      -35.2830       17.6980 
   8     O      -36.5680      -37.6680       16.6260 
   8    O7      -34.3540      -35.6130       21.3850 
   1   H20      -36.2400      -36.8790       16.1750 
  16     S      -36.0690      -35.3820       24.8010 
   6   C20      -34.7810      -35.5990       23.7090 
   7     N      -33.6710      -35.0330       24.1840 
   6    C1      -33.8070      -34.4340       25.4260 
   6    C2      -35.0630      -34.5350       25.9370 
   6    C3      -35.6270      -34.1050       27.2440 
   6    C4      -36.3070      -32.7240       27.2280 
   8   O10      -36.7280      -32.4410       28.5280 
  15     P      -37.9030      -31.3130       28.7010 
  15    P1      -39.7950      -33.4710       28.3140 
   7    N1      -30.0910      -32.1330       23.4060 
   8    O1      -37.5470      -30.0610       28.0310 
   8    O2      -40.1900      -33.4170       29.8160 
   6    C5      -30.7680      -31.3330       22.5890 
   8    O3      -38.0340      -31.2110       30.2100 
   8    O4      -38.7090      -34.4720       28.0080 
   7    N2      -31.9200      -31.6390       22.0260 
   8    O5      -39.1960      -31.9380       28.0430 
   8    O6      -40.9830      -33.5930       27.4460 
   6    C6      -32.4960      -32.8240       22.2840 
   7    N3      -33.6930      -33.0630       21.7440 
   6    C7      -31.8430      -33.7370       23.1560 
   6    C8      -30.6310      -33.3240       23.6570 
   6    C9      -32.3970      -35.0890       23.4870 
   6   C10      -30.1840      -29.9930       22.2940 
   6   C11      -32.6480      -33.7930       26.0980 
   1   H21      -36.4130      -34.8040       27.5410 
   1    H1      -34.8510      -34.0900       28.0090 
   1    H2      -35.6190      -31.9450       26.8880 
   1    H3      -37.1620      -32.7550       26.5450 
   1    H4      -34.0020      -32.4000       21.0470 
   1    H5      -34.0110      -34.0490       21.6220 
   1    H6      -30.0450      -33.9690       24.2980 
   1    H7      -32.5610      -35.6770       22.5780 
   1    H8      -31.6870      -35.6360       24.1140 
   1    H9      -30.3000      -29.3540       23.1660 
   1   H10      -30.6940      -29.5480       21.4470 
   1   H11      -29.1220      -30.0940       22.0920 
   1   H12      -31.7900      -34.4590       26.0800 
   1   H13      -32.9160      -33.5570       27.1220 
   1   H14      -32.3700      -32.8730       25.5900 
   1   H22      -34.4710      -36.0820       20.4530 

