Run semi-empirical minimization
 &qmmm
    qm_theory='AM1', grms_tol=0.0005,
 scfconv=1.d-10, ndiis_attempts=700,   qmcharge=-4,
 /
   6   C12      -34.5310      -36.1850       21.9580 
   6   C13      -35.5130      -35.8470       20.7830 
   6   C14      -36.9430      -35.4020       21.0560 
   1     H      -35.5460      -36.7460       20.1590 
   1   H15      -35.0080      -35.0740       20.1960 
   6   C15      -37.8290      -35.3860       19.7970 
   1   H16      -36.9930      -34.4030       21.4900 
   1   H17      -37.4250      -36.1140       21.7350 
   8    O7      -38.7050      -34.4650       19.7230 
   8    O9      -33.2780      -36.2580       21.4610 
   8   O10      -37.7450      -36.3000       18.9550 
  16     S      -36.1540      -35.1190       23.9730 
   6   C16      -34.6530      -35.3550       23.1860 
   7     N      -33.6450      -34.9460       23.9840 
   6    C1      -34.0350      -34.4780       25.2260 
   6    C2      -35.3750      -34.4980       25.4220 
   6    C3      -36.0920      -34.1790       26.6930 
   6    C4      -36.3220      -32.6820       26.9710 
   8   O11      -36.7060      -32.5150       28.3110 
  15     P      -37.8410      -31.3980       28.6720 
  15    P1      -39.8510      -33.4530       28.3520 
   7    N1      -30.1910      -31.8750       23.6540 
   8    O1      -37.5410      -30.0790       28.1040 
   8    O2      -40.2430      -33.3990       29.8600 
   6    C5      -30.6160      -31.3280       22.5210 
   8    O3      -37.8470      -31.4360       30.1930 
   8    O4      -38.8010      -34.4860       28.0560 
   7    N2      -31.4650      -31.8850       21.6790 
   8    O5      -39.2120      -31.9340       28.0940 
   8    O6      -41.0500      -33.5270       27.4980 
   6    C6      -31.9970      -33.0800       21.9870 
   7    N3      -32.8440      -33.6340       21.1270 
   6    C7      -31.6500      -33.7150       23.2150 
   6    C8      -30.7160      -33.0620       23.9760 
   6    C9      -32.2340      -35.0280       23.6380 
   6   C10      -30.0790      -29.9780       22.1730 
   6   C11      -33.0190      -34.0660       26.2340 
   1   H18      -37.0610      -34.6700       26.7260 
   1    H1      -35.5130      -34.5700       27.5330 
   1    H2      -35.3960      -32.1230       26.8050 
   1    H3      -37.0860      -32.2830       26.3000 
   1    H4      -33.0750      -33.1160       20.2950 
   1    H5      -33.0640      -34.6520       21.1850 
   1    H6      -30.3430      -33.4940       24.8960 
   1    H7      -32.1900      -35.7490       22.8120 
   1    H8      -31.6920      -35.4140       24.4990 
   1    H9      -30.1700      -29.3260       23.0360 
   1   H10      -30.6250      -29.5770       21.3270 
   1   H11      -29.0240      -30.0590       21.9220 
   1   H12      -32.3700      -34.9080       26.4690 
   1   H13      -33.5230      -33.7420       27.1380 
   1   H14      -32.4110      -33.2490       25.8550 
   1   H19      -33.1920      -36.8440       20.5940 

