Run semi-empirical minimization
 &qmmm
    qm_theory='AM1', grms_tol=0.0005,
 scfconv=1.d-10, ndiis_attempts=700,   qmcharge=-4,
 /
   6     C      -34.6010      -37.5650       22.5920 
   6   C12      -34.8520      -36.1130       22.1340 
   6   C13      -36.2090      -36.0970       21.4300 
   6   C14      -36.7710      -37.2940       20.7020 
   1     H      -36.9420      -35.8340       22.2040 
   1   H15      -36.1640      -35.2800       20.6980 
   6   C15      -38.0500      -37.1220       20.1710 
   6   C16      -38.6500      -38.1570       19.4740 
   1   H16      -38.5810      -36.1820       20.2990 
   6   C17      -37.9660      -39.3570       19.3110 
   1   H17      -39.6460      -38.0170       19.0640 
   6   C18      -36.6720      -39.4690       19.8680 
   6   C19      -38.5570      -40.4220       18.6110 
   7     N      -36.0870      -38.4500       20.5480 
   6   C20      -36.0130      -40.6830       19.6860 
   6   C21      -36.5970      -41.7520       18.9870 
   1   H18      -35.0150      -40.8040       20.0990 
   6   C22      -37.8720      -41.6200       18.4500 
   1   H19      -39.5540      -40.3200       18.1890 
   1   H20      -36.0520      -42.6850       18.8660 
   1   H21      -38.3320      -42.4420       17.9070 
   8     O      -33.5890      -38.1900       21.9890 
   8    O7      -34.1070      -35.5890       21.3210 
   8    O8      -35.2810      -38.1180       23.4370 
  16     S      -36.2720      -34.7160       24.3470 
   6   C23      -34.8940      -35.2570       23.4880 
   7    N4      -33.7830      -34.9240       24.1600 
   6    C1      -34.0010      -34.3440       25.4180 
   6    C2      -35.3210      -34.1790       25.7170 
   6    C3      -35.9340      -33.8010       27.0350 
   6    C4      -36.3500      -32.3330       27.2100 
   8    O9      -36.7310      -32.1600       28.5720 
  15     P      -37.9530      -31.0950       28.8900 
  15    P1      -39.9260      -33.3190       28.5480 
   7    N1      -30.0570      -32.1440       23.5990 
   8    O1      -37.7090      -29.7570       28.2890 
   8    O2      -40.1170      -33.2440       30.1020 
   6    C5      -30.6410      -31.3390       22.6960 
   8    O3      -38.0540      -31.1230       30.4270 
   8    O4      -38.8860      -34.3810       28.1180 
   7    N2      -31.7550      -31.6280       22.0360 
   8    O5      -39.2200      -31.7970       28.2050 
   8    O6      -41.1570      -33.3660       27.7150 
   6    C6      -32.3760      -32.8190       22.2550 
   7    N3      -33.4870      -33.0760       21.5700 
   6    C7      -31.8270      -33.7300       23.2130 
   6    C8      -30.6720      -33.3160       23.8290 
   6    C9      -32.4170      -35.0620       23.5920 
   6   C10      -30.0120      -30.0070       22.4190 
   6   C11      -32.8490      -34.0990       26.3250 
   1   H22      -36.8260      -34.4040       27.2360 
   1    H1      -35.2070      -34.0360       27.8210 
   1    H2      -35.5180      -31.6540       26.9910 
   1    H3      -37.1790      -32.0970       26.5310 
   1    H4      -33.8070      -32.3690       20.9160 
   1    H5      -33.8150      -34.0880       21.4480 
   1    H6      -30.1990      -33.9640       24.5680 
   1    H7      -32.5130      -35.7450       22.7470 
   1    H8      -31.7820      -35.5340       24.3480 
   1    H9      -30.0160      -29.3950       23.3260 
   1   H10      -30.5450      -29.4810       21.6270 
   1   H11      -28.9650      -30.1280       22.1320 
   1   H12      -32.2550      -35.0140       26.4320 
   1   H13      -33.2130      -33.8000       27.3080 
   1   H14      -32.1910      -33.3070       25.9540 

