Run semi-empirical minimization
 &qmmm
    qm_theory='AM1', grms_tol=0.0005,
 scfconv=1.d-10, ndiis_attempts=700,   qmcharge=-3,
 /
   6   C12      -34.9190      -36.3480       22.2920 
   8    O8      -34.3430      -35.6740       21.2900 
   6   C13      -36.4320      -36.6100       22.0560 
   1     H      -36.9870      -35.6710       22.0820 
   1   H15      -36.8220      -37.3070       22.7920 
   1   H16      -36.5440      -37.0530       21.0660 
  16     S      -36.0840      -35.4250       24.6820 
   6   C14      -34.7680      -35.6580       23.6250 
   7     N      -33.6740      -35.0800       24.1220 
   6    C1      -33.8380      -34.4780       25.3600 
   6    C2      -35.1040      -34.5790       25.8440 
   6    C3      -35.6810      -34.1640       27.1530 
   6    C4      -36.2940      -32.7520       27.1760 
   8    O9      -36.7110      -32.4830       28.4820 
  15     P      -37.8750      -31.3490       28.6770 
  15    P1      -39.7980      -33.4820       28.3090 
   7    N1      -30.1040      -32.1560       23.4050 
   8    O1      -37.5220      -30.0950       28.0110 
   8    O2      -40.1920      -33.4190       29.8110 
   6    C5      -30.7750      -31.3680       22.5700 
   8    O3      -37.9920      -31.2580       30.1880 
   8    O4      -38.7250      -34.4970       28.0070 
   7    N2      -31.9140      -31.6870       21.9880 
   8    O5      -39.1830      -31.9580       28.0310 
   8    O6      -40.9890      -33.5910       27.4430 
   6    C6      -32.4830      -32.8780       22.2380 
   7    N3      -33.6630      -33.1400       21.6750 
   6    C7      -31.8350      -33.7780       23.1280 
   6    C8      -30.6390      -33.3510       23.6520 
   6    C9      -32.3880      -35.1310       23.4500 
   6   C10      -30.1950      -30.0250       22.2770 
   6   C11      -32.6910      -33.8480       26.0630 
   1   H17      -36.4990      -34.8370       27.4200 
   1    H1      -34.9180      -34.2080       27.9310 
   1    H2      -35.5630      -31.9990       26.8660 
   1    H3      -37.1430      -32.7170       26.4880 
   1    H4      -33.9810      -32.4750       20.9840 
   1    H5      -33.9810      -34.1310       21.5480 
   1    H6      -30.0610      -33.9860       24.3100 
   1    H7      -32.5350      -35.7170       22.5370 
   1    H8      -31.6880      -35.6780       24.0870 
   1    H9      -30.3110      -29.3880       23.1510 
   1   H10      -30.7050      -29.5800       21.4310 
   1   H11      -29.1340      -30.1240       22.0740 
   1   H12      -31.8410      -34.5250       26.0730 
   1   H13      -32.9850      -33.6050       27.0790 
   1   H14      -32.3860      -32.9340       25.5590 
   1   H18      -34.4480      -36.1540       20.3620 

